-0.05193740709657    -0.00000000000000     0.00000000000000     0.02596870354958     0.00000000000000    -0.00000000000000     0.02596870354958     0.00000000000000     0.00000000000000
-0.00000000000000     0.97756294701919     0.00000000000000     0.00000000000000    -0.48878147350828     0.39877879330578     0.00000000000000    -0.48878147350828    -0.39877879330578
 0.00000000000000     0.00000000000000     0.65750370314893    -0.00000000000000     0.26900070116260    -0.32875185157315     0.00000000000000    -0.26900070116260    -0.32875185157315
 0.02596870354958     0.00000000000000    -0.00000000000000    -0.02030345826200    -0.00000000000000     0.00000000000000    -0.00566524528757     0.00000000000000    -0.00000000000000
 0.00000000000000    -0.48878147350828     0.26900070116260    -0.00000000000000     0.51859959806757    -0.33388974723419     0.00000000000000    -0.02981812455929     0.06488904607159
-0.00000000000000     0.39877879330578    -0.32875185157315     0.00000000000000    -0.33388974723419     0.31152449418087     0.00000000000000    -0.06488904607159     0.01722735739228
 0.02596870354958     0.00000000000000     0.00000000000000    -0.00566524528757     0.00000000000000     0.00000000000000    -0.02030345826200    -0.00000000000000    -0.00000000000000
 0.00000000000000    -0.48878147350828    -0.26900070116260     0.00000000000000    -0.02981812455929    -0.06488904607159    -0.00000000000000     0.51859959806757     0.33388974723419
 0.00000000000000    -0.39877879330578    -0.32875185157315    -0.00000000000000     0.06488904607159     0.01722735739228    -0.00000000000000     0.33388974723419     0.31152449418087
